0 0 0
0.376991118430775 -0.0229171960319073 0.01280992808865
0.75398223686155 -0.0916687841276293 0.0620819264755786
1.13097335529233 -0.206254764287166 0.0731849453166052
1.5079644737231 -0.586539795865405 -0.149704559933315
1.88495559215388 -1.94708402176573 -0.923602628520092
2.26194671058465 -4.34285360682687 -2.6867177943905
2.63893782901543 -7.90362489780165 -5.99845108619217
3.0159289474462 -14.3164904024769 -11.5393960272736
3.39292006587698 -24.1005555078641 -20.1113386356842
3.76991118430775 -37.2558202139631 -32.6372574241742
4.14690230273853 -55.6235632787765 -50.1613234001946
4.5238934211693 -81.0450634603069 -73.8489000658974
4.90088453960008 -113.520320758554 -104.986543418136
5.27787565803085 -154.166922015843 -144.982001948463
5.65486677646163 -206.617024469726 -195.364216643133
6.0318578948924 -271.150024830786 -257.783320983102
6.40884901332318 -348.120129991517 -334.010640944027
6.78584013175395 -442.132029554357 -425.938694996264
7.16283125018473 -554.602551089285 -535.581194104871
7.5398223686155 -685.531694596303 -665.073041729608
7.91681348704628 -838.780613745094 -816.670333824934
8.29380460547705 -1018.21046220534 -992.750358840008
8.67079572390783 -1223.82123997705 -1195.81159771869
9.0477868423386 -1457.6282560855 -1428.47372389955
9.42477796076938 -1726.18126486291 -1693.47760331585
9.80176907920015 -2029.98409356559 -1993.68529439555
10.1787601976309 -2369.6153796318 -2332.08004806131
10.5557513160617 -2752.5974097586 -2711.7663077305
10.9327424344925 -3181.24473369896 -3135.96970931519
