0 0
0.376991118430775 -0.121579501009467
0.75398223686155 -0.243159002018935
1.13097335529233 -0.364738503028402
1.5079644737231 -2.23594537141518
1.88495559215388 -4.9819659234906
2.26194671058465 -7.72798647556603
2.63893782901543 -12.5394617358536
3.0159289474462 -21.4818464125656
3.39292006587698 -30.4242310892775
3.76991118430775 -39.3666157659894
4.14690230273853 -58.0772876409084
4.5238934211693 -76.7879595158273
4.90088453960008 -95.4986313907463
5.27787565803085 -123.102776780184
5.65486677646163 -155.15365892688
6.0318578948924 -187.204541073577
6.40884901332318 -224.892801002056
6.78584013175395 -273.855816494101
7.16283125018473 -322.818831986145
7.5398223686155 -371.78184747819
7.91681348704628 -441.228919389153
8.29380460547705 -510.675991300116
8.67079572390783 -580.12306321108
9.0477868423386 -665.607454783703
9.42477796076938 -759.110506187155
9.80176907920015 -852.613557590608
10.1787601976309 -955.325909849414
10.5557513160617 -1076.45686381893
10.9327424344925 -1197.58781778844
