0 5987750 527 11723
0.1 5987739.41383565 533.797653147491 11726.7885112007
0.3 5987717.83015901 547.657075970762 11734.5127650162
0.7 5987672.9673293 576.46454069223 11750.5681300115
1.5 5987576.03923686 638.703908893424 11785.2568542485
2.63805400928936 5987419.85331319 738.992673991116 11841.1540128237
3.7436121176394 5987244.68246674 851.470140023524 11903.8473932416
4.85160258496641 5987042.38071074 981.366121782622 11976.2531674817
5.95945981215443 5986809.25631049 1131.04998819753 12059.6937013111
7.06739783830805 5986540.56585823 1303.56597575197 12155.8681660142
8.17542193555028 5986230.8835857 1502.39590759895 12266.7205067039
9.28355501724945 5985873.9505964 1731.55580829822 12394.4935953033
10.3918210140151 5985462.55113871 1995.67509110284 12541.7737701913
11.5002466536981 5984988.36540543 2300.09073081167 12711.5438637641
12.6088619113515 5984441.79995249 2650.95569183275 12907.2443556756
13.7177006322614 5983811.79180551 3055.36409718581 13132.8440973015
14.826801228928 5983085.58213782 3521.49573014334 13392.9221320423
15.9362074755959 5982248.45469035 4058.78290109346 13692.7624085622
17.045969417578 5981283.43330793 4678.10320024493 14038.4634918285
18.156144415706 5980170.93202498 5392.00223057501 14437.0657444489
19.2667983500547 5978888.3500202 6214.95108934424 14896.6988904585
20.3780070110394 5977409.60243866 7163.64415968414 15426.7534016526
21.4898577112839 5975704.57650525 8257.34371071952 16038.0797840266
22.6024511576526 5973738.50046991 9518.27891462805 16743.2206154613
23.7159036305702 5971471.21066002 10972.1082095162 17556.6811304638
24.830349527581 5968856.29917595 12648.4555150665 18495.2453089798
25.9459443389994 5965840.12143692 14581.5327007507 19578.3458623267
27.0628681390812 5962360.63870604 16810.8629932079 20828.498300757
28.1813296940417 5958346.06569873 19382.1227841747 22271.8115170976
29.3015713121441 5953713.28713345 22348.1226937303 23938.5901728232
30.423874591202 5948365.9992589 25769.9529220548 25864.0478190465
31.5485672579498 5942192.52249747 29718.3231111155 28089.1543914201
32.6760313452764 5935063.21870477 34275.1334395868 30661.6478556466
33.8067130210512 5926827.43022874 39535.3219018001 33637.2478694569
34.9411344734555 5917309.83663675 45609.0432506509 37081.1201125976
36.0799083807869 5906306.09678918 52624.2487185734 41069.6544922475
37.2237556638977 5893577.60612935 60729.7535302278 45692.6403404184
38.3735274556237 5878845.147609 70098.903056024 51055.9493349746
39.5302325572826 5861781.14348944 80933.9807262137 57284.875784341
40.6950721362062 5842000.11502461 93471.5453042369 64528.3396711492
41.8694841301273 5819046.81306463 107988.947673995 72964.2392613728
43.0552008943143 5792381.27123985 124812.367290579 82806.3614695743
44.2543252749502 5761359.71528392 144326.841266673 94313.4434494036
45.4694329021918 5725209.76971326 166988.960951759 107801.269334985
46.7037127612742 5682997.61624273 193343.228247475 123659.155509796
47.9611653349991 5633583.45300223 224043.583039983 142372.963957786
49.2468904260445 5575559.34112601 259882.502906131 164558.15596786
50.5675206792353 5507159.39236143 301831.689463286 191008.918175281
51.9319043529525 5426124.20274343 351101.48822372 222774.309032851
53.352243119907 5329484.45939542 409232.813918982 261282.726685594
54.8461340420236 5213188.95687053 478250.98104977 308560.062079697
56.4406284648786 5071395.78649252 560953.431938794 367650.781568688
58.1816153101902 4894898.25793967 661545.408429426 443556.333630904
60.161668201828 4666619.555238 787484.375494203 545896.069267793
62.4301855195416 4371358.74252626 942685.781635867 685955.475837877
64.7139343783287 4043846.9966666 1103317.34360927 852835.659724134
67.0185872333375 3692690.06950323 1259814.4286582 1047495.50183857
69.3326878578205 3332158.15308717 1400199.85998617 1267641.98692665
71.4896383721369 3001002.07363838 1507054.64734165 1491943.27901997
73.664125661315 2682334.44444247 1585167.73249541 1732497.82306212
75.833913318255 2387387.50445287 1630497.93959099 1982114.55595614
78.1502446423323 2103473.41379056 1643105.54219703 2253421.04401241
80.7956471941867 1821340.83045559 1616630.18266818 2562028.98687623
83.917065847407 1544922.99327096 1540336.14205054 2914740.8646785
86.6754062707439 1346628.17587908 1444266.16306304 3209105.66105788
89.5182873644825 1180730.82067138 1328441.60497616 3490827.57435246
92.2204521667742 1053103.8234785 1210943.4075316 3735952.7689899
94.9408709749789 948714.940603394 1091642.1546845 3959642.90471211
97.7475357168707 861445.69547491 972133.491449291 4166420.8130758
100.716910284828 787100.77366329 853073.267730747 4359825.95860596
103.971232394018 722272.98625385 733715.776497655 4544011.2372485
107.619756813457 665507.207078067 615080.74834152 4719412.04458041
111.010904397633 624260.436955353 519223.606095353 4856515.95694929
114.1269926592 593894.088590208 442732.847931582 4963373.06347821
117.104167319482 570202.17855485 379189.031067544 5050608.79037761
120.125647212924 550420.963279333 323311.049437742 5126267.98728293
123.005253197903 534810.465666496 277269.490790931 5187920.04354257
125.815545059521 522071.874407601 238349.912206313 5239578.21338609
128.571166519268 511561.031377804 205278.52865911 5283160.43996309
131.286091695063 502802.872353597 177032.314542294 5320164.81310411
133.969174031728 495453.337197298 152828.249635805 5351718.4131669
136.626929275636 489251.486021098 132037.530877559 5378710.98310134
139.264201526936 483994.915532919 114146.439703735 5401858.64476335
141.884708814027 479523.552510423 98729.1107453022 5421747.33674427
144.491360947905 475708.902987104 85428.989065954 5438862.10794694
147.086473789879 472446.570910219 73945.344574597 5453608.08451518
149.671915295313 469650.898770132 64023.1317677134 5466325.96946215
152.249208879381 467251.027849477 55445.136903151 5477303.83524737
154.819608395203 465187.939919738 48025.7598539794 5486786.30022628
157.384153769456 463412.195252592 41606.0032636207 5494981.80148379
159.943713083633 461882.175900238 36049.3786411002 5502068.44545866
162.499014940442 460562.702817057 31238.524985571 5508198.77219737
165.050673724598 459423.93434716 27072.3916238499 5513503.67402899
167.599209572288 458440.479705396 23463.8747726462 5518095.64552196
170.145064337296 457590.678967517 20337.8236248291 5522071.49740765
172.688614484368 456856.013588643 17629.3505306729 5525514.63588068
175.230181593402 456220.620363889 15282.3935780019 5528496.98605811
177.770040984509 455670.888173644 13248.4901433948 5531080.62168296
180.308428849545 455195.121570126 11485.7278154109 5533319.15061446
182.845548185058 454783.258764648 9957.84516272937 5535258.89607262
185.381573755916 454426.634209581 8633.45960022938 5536939.90619019
187.916656268357 454117.777973685 7485.40342110241 5538396.81860521
190.450925894586 453850.245650557 6490.15214094949 5539659.60220849
192.984495262049 453618.473736979 5627.3318095303 5540754.19445349
195.517461998804 453417.656356218 4879.29400891027 5541703.04963487
198.049910909179 453243.639943323 4230.7489658443 5542525.61109083
200 453125.609491288 3790.67928636934 5543083.71122234
