0 0
0.05 0.00124973842585545
0.1 0.00499581581980618
0.15 0.0112288260740681
0.2 0.0199331174682777
0.25 0.031087575588447
0.3 0.0446635054336754
0.35 0.0606272774218719
0.4 0.078938990080805
0.45 0.0995528733883135
0.5 0.122417403229332
0.55 0.147475430241589
0.6 0.174664322727575
0.65 0.203916123275149
0.7 0.235157718694886
0.75 0.268311022848921
0.8 0.303292768242049
0.85 0.340016214406511
0.9 0.378389262053655
0.95 0.418315999594383
1 0.459697691339619
1.05 0.502428948724978
1.1 0.546403874512751
1.15 0.591512554280847
1.2 0.63764223981227
1.25 0.684677630906949
1.3 0.732501163572213
1.35 0.780993303871559
1.4 0.830032846697273
1.45 0.879497218720094
1.5 0.929262784758749
1.55 0.979203313418765
1.6 1.02919789721941
1.65 1.07911960372797
1.7 1.12884367233302
1.75 1.17824603124085
1.8 1.22720206756298
1.85 1.27559021677429
1.9 1.32328953368996
1.95 1.37018079484754
2 1.41614679650369
2.05 1.46107264758258
2.1 1.50484605684398
2.15 1.54735761355296
2.2 1.58850106095001
2.25 1.62817356183775
2.3 1.66627595562062
2.35 1.70271300615495
2.4 1.73739363978994
2.45 1.77023117300468
2.5 1.80114352907205
2.55 1.8300534432081
2.6 1.85688865569411
2.65 1.88158209248854
2.7 1.90407203287759
2.75 1.92430226374517
2.8 1.94222222007678
2.85 1.95778711134611
2.9 1.97095803346839
2.95 1.98170206604071
3 1.9899923546263
3.05 1.99580817787703
3.1 1.99913499932631
3.15 1.99996450372309
3.2 1.99829461781601
3.25 1.99412951553578
3.3 1.98747960756281
3.35 1.9783617157862
3.4 1.96679824758888
3.45 1.95281828954592
3.5 1.93645678444831
3.55 1.91775462771843
3.6 1.89675856519201
3.65 1.87352062862862
3.69999999999999 1.84809974577922
3.74999999999999 1.82055905369546
3.79999999999999 1.79096738968943
3.84999999999999 1.759398717432
3.89999999999999 1.72593194208206
3.94999999999999 1.69065071306464
3.99999999999999 1.65364321499084
4.04999999999999 1.61500194724212
4.09999999999999 1.57482349276995
4.14999999999999 1.5332082766886
4.19999999999999 1.49026031526463
4.24999999999999 1.44608695593025
4.29999999999999 1.40079860897057
4.34999999999999 1.35450847155528
4.39999999999999 1.30733224480461
4.44999999999999 1.25938784459668
4.49999999999999 1.21079510683909
4.54999999999999 1.16167548794148
4.59999999999999 1.1121517612377
4.64999999999999 1.06234771011624
4.69999999999999 1.01238781862618
4.74999999999999 0.962396960331782
4.79999999999999 0.912500086193494
4.84999999999999 0.862822886963476
4.89999999999999 0.813487629733756
4.94999999999999 0.764618556297943
4.99999999999999 0.716337813888833
5.04999999999999 0.668766079217995
5.09999999999999 0.622022256846837
5.14999999999999 0.576223181987124
5.19999999999999 0.531483328473792
5.24999999999999 0.487914522639975
5.29999999999999 0.445625663809408
5.34999999999999 0.404722452104826
5.39999999999999 0.365307124252708
5.44999999999999 0.327478198044696
5.49999999999999 0.291330226094426
5.54999999999999 0.256953559505233
5.59999999999999 0.224434122039442
5.64999999999999 0.193853195353713
5.69999999999999 0.165287215837229
5.74999999999999 0.138807583560522
5.79999999999999 0.114480483812492
5.84999999999999 0.0923667216716448
5.89999999999999 0.0725215700250645
5.94999999999999 0.0549946314149832
5.99999999999999 0.0398297140582571
6.04999999999999 0.0270647223486375
6.09999999999999 0.0167315621155344
6.14999999999999 0.00885606087605373
6.19999999999999 0.00345790327966156
6.24999999999999 0.00055058190681212
