1 119.975700195713 123.60941890964 116.448801106119 119.977199901339 119.974200508833
1.3 113.963177829472 117.414794542707 110.613027528383 113.965029746159 113.961325942879
1.6 108.251970022309 111.530610685776 105.06971083236 108.25413508336 108.249805004559
1.9 102.826976545405 105.94130976755 99.8041946873115 102.829418715099 102.824534433713
2.2 97.6738539103748 100.632113876656 94.8025572572051 97.6765399782906 97.6711679163248
2.5 92.7789774455985 95.5889856893773 90.0515743918754 92.7818768339464 92.7760781478551
2.8 88.1294052730784 90.7985913554738 85.538684662846 88.1324898562429 88.1263207978725
3.1 83.7128440905764 86.2482652439581 81.2519561513624 83.7160880261358 83.7096002807171
3.4 79.5176166685639 81.9259764556216 77.1800549008263 79.5209962390876 79.5142372416688
3.7 75.5326309760447 77.8202970137679 73.3122149502203 75.536124441013 75.5291376726452
4 71.7473508536228 73.9203716490523 69.6382098692931 71.7509383108512 71.7437635757628
4.3 68.1517681562747 70.215889098538 66.148325720244 68.1554314122622 68.1481050971819
4.6 64.7363762921721 66.6970548430866 62.8333353744193 64.7400987408283 64.7326540575506
4.9 61.4921450875938 63.3545652110005 59.6844741161151 61.4959115968286 61.4883788090506
5.2 58.4104969114702 60.1795827794481 56.6934164689827 58.4142937171642 58.4067003525604
5.5 55.4832839964336 57.1637130086343 53.8522541837674 55.4870986033339 55.4794696517784
5.8 52.7027668964137 54.2989820469386 51.153475329181 52.7065879855265 52.6989460843198
6.1 50.0615940238191 51.5778156483366 48.5899444306247 50.0654113658977 50.0577769728017
6.4 47.5527822122033 48.9930191463651 46.1548836042494 47.5565865869533 47.5489781417912
6.7 45.1696982530229 46.5377584316816 43.8418546364743 45.1734813736676 45.1659154492013
7 42.9060413576715 44.2055418829242 41.6447419615804 42.9097958005447 42.9022872432976
7.3 40.7558264984206 41.9902032030974 39.5577364923739 40.7595456372717 40.7521076989254
7.6 38.7133685842209 39.8858851161033 37.5753202611682 38.717046528936 38.709690988894
7.9 36.773267429525 37.8870238803141 35.6922518304744 36.776898968988 36.7696362486589
8.2 34.9303934763904 35.9883345782381 33.9035524348289 34.9339740252217 34.9268132945465
8.5 33.1798742321119 34.1847971433872 32.2044928171155 33.1833997810405 33.1763490577529
8.8 31.5170813865257 32.4716430874015 30.5905807245794 31.5205484561635 31.5136146982445
9.1 29.9376185749231 30.8443428923361 29.0575490314716 29.9410241727257 29.9342133644852
9.4 28.4373097542195 29.2985940347787 27.6013444569214 28.4406513344297 28.433968566622
9.7 27.0121881616467 27.8303096101315 26.218116848207 27.01546358803 27.0089131323847
10 25.6584858267733 26.4356075269817 24.9042090010896 25.6616933379669 25.6552787164935
10.3 24.3726236091269 25.1108002429912 23.6561469902964 24.3757617864324 24.3694858358357
10.6 23.1512017350741 23.8523850151667 22.4706309845867 23.1542694725371 23.1481344040594
10.9 21.9909908089414 22.6570346387327 21.3445265221166 21.9939872855695 21.9879947405555
11.2 20.8889232746085 21.5215886501213 20.2748562230336 20.891847928588 20.885999030052
11.5 19.8420853049998 20.4430449708196 19.2587919173913 19.8449378097812 19.8392332102364
11.8 18.8477090980299 19.4185519699818 18.2936471675695 18.8504893401597 18.8449292659556
12.1 17.9031655586345 18.4454009248196 17.376870165429 17.905873617217 17.9004579096148
12.4 17.0059573475367 17.5210188588359 16.5060369854228 17.0085934752202 17.0033216284213
12.7 16.1537122783718 16.6429617389672 15.6788451758234 16.1562768837562 16.1511480800862
13 15.3441770457114 15.8089080136479 14.893107671123 15.3466706770834 15.3416838195216
13.3 14.5752112674046 15.0166524747109 14.1467470095108 14.5776345977116 14.5727883399429
13.6 13.8447818254843 14.2641004268964 13.4377898401383 13.8471356384631 13.8424284126198
13.9 13.1509574906761 13.5492621495526 12.7643617056505 13.1532426680591 13.1486727103081
14.2 12.4919038162971 12.8702476358857 12.1246820861874 12.4941213260227 12.4896867001446
14.5 11.8658782880452 12.2252615958493 11.5170596917539 11.868029173403 11.8637277925
14.8 11.271225716853 11.6125987094625 10.939887990509 11.2733110865014 11.2691407329624
15.1 10.7063738626277 11.0306391180042 10.3916409611539 10.708394881422 10.7043532252648
15.4 10.1698292773044 10.4778441411652 9.87086905818553 10.1717871578803 10.1678717735843
15.7 9.66017335622293 9.95275220883246 9.3761953793509 9.66206935128252 9.65827773321586
