Part A1
We choose an arbitrary matrix M = 
    -0.505      0.231      -1.39       1.12        2.3 
     0.231    -0.0837     -0.508     -0.369      -1.13 
     -1.39     -0.508      -0.22      0.961     -0.856 
      1.12     -0.369      0.961       1.32     0.0279 
       2.3      -1.13     -0.856     0.0279       1.69 
Total number of sweeps done is = 5
V.T*M*V = 
     -2.79  -3.33e-16   5.55e-17   6.94e-17  -6.66e-16 
 -3.89e-16      -1.38  -4.44e-16   2.08e-16  -7.77e-16 
         0  -3.47e-16      0.576   2.95e-17  -1.39e-16 
  1.39e-16   2.78e-17   2.15e-16       1.95   2.78e-17 
 -4.44e-16  -6.66e-16          0          0       3.84 
Eigenvalues =      -2.79      -1.38      0.576       1.95       3.84 
