-3.14159265358979 9.86960440108936
-2.72271363311115 7.41316952792934
-2.30383461263252 5.30765392236361
-1.88495559215388 3.55305758439217
-1.46607657167524 2.14938051401502
-1.0471975511966 1.09662271123215
-0.628318530717959 0.394784176043574
-0.209439510239319 0.043864908449286
0.209439510239319 0.043864908449286
0.628318530717959 0.394784176043574
1.0471975511966 1.09662271123215
1.46607657167524 2.14938051401501
1.88495559215388 3.55305758439217
2.30383461263252 5.30765392236361
2.72271363311115 7.41316952792934
3.14159265358979 9.86960440108935


-3.14159265358979 9.85017146691574
-2.93215314335047 8.61072955727125
-2.72271363311115 7.43811047221566
-2.51327412287183 6.33992801425677
-2.30383461263252 5.32232325746526
-2.0943951023932 4.38999097595097
-1.88495559215388 3.54625460008416
-1.67551608191456 2.7931859583236
-1.46607657167524 2.13176404768056
-1.25663706143592 1.56206520284215
-1.0471975511966 1.08347539936493
-0.837758040957278 0.694914125240177
-0.628318530717959 0.395058375988843
-0.418879020478639 0.182554947422765
-0.209439510239319 0.0562093753398365
-4.44089209850063E-16 0.0151406370274936
0.209439510239319 0.0588920912478024
0.418879020478639 0.187491064744644
0.628318530717959 0.401451933187154
0.837758040957278 0.701720397288081
1.0471975511966 1.08955979285381
1.25663706143592 1.56638354156446
1.46607657167524 2.13354107200415
1.67551608191456 2.79206753178575
1.88495559215388 3.54241018588519
2.0943951023932 4.38414638047362
2.30383461263252 5.31570919757306
2.51327412287183 6.33413732234906
2.72271363311115 7.43486512690253
2.93215314335047 8.61156753090093
3.14159265358979 9.85607187673825
