-3.14159265358979 -1.22460635382238E-16 -1 0
-2.72271363311115 -0.4067366430758 -0.913545457642601 -0.0864545423573992
-2.30383461263252 -0.743144825477394 -0.669130606358858 -0.330869393641142
-1.88495559215388 -0.951056516295154 -0.309016994374947 -0.690983005625053
-1.46607657167524 -0.994521895368273 0.104528463267653 -1.10452846326765
-1.0471975511966 -0.866025403784439 0.5 -1.5
-0.628318530717959 -0.587785252292473 0.809016994374947 -1.80901699437495
-0.209439510239319 -0.207911690817759 0.978147600733806 -1.97814760073381
0.209439510239319 0.207911690817759 0.978147600733806 -1.97814760073381
0.628318530717959 0.587785252292473 0.809016994374947 -1.80901699437495
1.0471975511966 0.866025403784438 0.5 -1.5
1.46607657167524 0.994521895368273 0.104528463267654 -1.10452846326765
1.88495559215388 0.951056516295154 -0.309016994374947 -0.690983005625053
2.30383461263252 0.743144825477394 -0.669130606358859 -0.330869393641141
2.72271363311115 0.4067366430758 -0.913545457642601 -0.086454542357399
3.14159265358979 1.01063905508236E-15 -1 0


-3.14159265358979 -0.00136536776217988 -1.02095826251822 0
-3.0159289474462 -0.128410600714382 -0.999143522130634 -0.00818276417779806
-2.89026524130261 -0.251997516438601 -0.965875384360557 -0.0321282866651504
-2.76460153515902 -0.370674824576113 -0.920993755920173 -0.0713110062885924
-2.63893782901543 -0.48298318401446 -0.864533163011012 -0.125022225320025
-2.51327412287183 -0.587480548817972 -0.796736266372442 -0.192370672521331
-2.38761041672824 -0.68276895821622 -0.71806322520801 -0.27228634744983
-2.26194671058465 -0.767522211709391 -0.629196332282268 -0.363527793131793
-2.13628300444106 -0.8405138042872 -0.53103945079298 -0.464692869679192
-2.01061929829747 -0.900644445877859 -0.424711916470453 -0.574233019512839
-1.88495559215388 -0.946968456325184 -0.311536722297933 -0.690470927656348
-1.75929188601028 -0.978718314809858 -0.193022973710426 -0.81162139050481
-1.63362817986669 -0.995326652420829 -0.0708427835387927 -0.935815116234172
-1.5079644737231 -0.996445009526145 0.0531970380625135 -1.0611250924586
-1.38230076757951 -0.981958735830721 0.177187959881314 -1.18559507479076
-1.25663706143592 -0.9519974897885 0.299156659315343 -1.30726967650374
-1.13097335529233 -0.906940893696066 0.417105035487899 -1.42422547727115
-1.00530964914873 -0.847419018787488 0.529052302329054 -1.53460252044604
-0.879645943005142 -0.774307507611891 0.633078054376986 -1.63663553563075
-0.753982236861551 -0.688717284831079 0.727365129188404 -1.72868420802004
-0.628318530717959 -0.591978957682135 0.81024106013786 -1.80926181925152
-0.502654824574367 -0.4831236175026 1.24399184692855 -1.8770454913094
-0.376991118430775 -1.65716785428293 -26.7657607912709 -1.88661533625895
-0.251327412287184 -0.251013146304413 0.977121917608642 -1.97013777683459
-0.125663706143592 -0.126562837920135 1.00131067562879 -1.99389391885269
0 -4.116964639626E-05 1.00958948568832 -2.00185958110369
0.125663706143592 0.126481046463905 1.00131938160945 -1.99390424295185
0.251327412287183 0.250930632577271 0.976653545040705 -1.97015829882027
0.376991118430775 0.371272762709079 0.936047939081418 -1.93101065523083
0.502654824574367 0.485548389473946 0.88025020492187 -1.87710154515771
0.628318530717958 0.591909829607804 0.810281536727251 -1.80931074563942
0.75398223686155 0.688653658765109 0.727412092349529 -1.72874148413484
0.879645943005142 0.774250148581232 0.633130690997332 -1.6367004209312
1.00530964914873 0.847368584111048 0.529109714601308 -1.53467418491077
1.13097335529233 0.906897923618735 0.417166261457382 -1.4243030155492
1.25663706143592 0.951962400768214 0.299220694455338 -1.30735212307672
1.38230076757951 0.981931816569194 0.177253779082018 -1.1856814198067
1.5079644737231 0.996426419756814 0.0532636174243506 -1.06121429789112
1.63362817986669 0.995316424392359 -0.0707764456913614 -0.935906132023581
1.75929188601028 0.978716357332803 -0.192957837134228 -0.811713170349986
1.88495559215388 0.94697456118523 -0.311473686934377 -0.690562444147018
2.01061929829747 0.900658296363466 -0.424651806751232 -0.574323278320215
2.13628300444106 0.840534985533842 -0.530983002467851 -0.464780922557532
2.26194671058465 0.767550222528189 -0.629144181997076 -0.363612749523165
2.38761041672824 0.682803224051906 -0.71801590296663 -0.272367384527699
2.51327412287183 0.587520435470379 -0.796694190922314 -0.19244704355398
2.63893782901543 0.483028011758357 -0.864496640102024 -0.12509326628086
2.76460153515902 0.370723882325862 -0.920962979303758 -0.071376140685679
2.89026524130261 0.252050075625563 -0.965850439322577 -0.0321870286054953
3.0159289474462 0.128465928574905 -0.999124391290148 -0.00823471972176471
3.14159265358979 0.00142273977087903 -1.02094483357574 -4.4866897066953E-05
